16400.000000 0.000000 0.000000 0.000000
0.0 0.0 0.0
0.0334579976985 0.033284457478 0.0334829443447
0.0650447427293 0.0646723646724 0.0650203370134
0.0949129488575 0.0943213296399 0.0947769621683
0.123199152542 0.122371967655 0.122899505766
0.150025799794 0.148950131234 0.149518973811
0.175503018109 0.174168797954 0.174752732952
0.199730127576 0.19812967581 0.198706240487
0.222796934866 0.220924574209 0.221474517566
0.24478484565 0.242636579572 0.243143408981
0.265767824497 0.263341067285 0.263790664781
0.285813226095 0.283106575964 0.283486872409
0.304982517483 0.30199556541 0.302296262945
0.323331907613 0.320065075922 0.320277410832
0.340912897822 0.337367303609 0.337483843171
0.357772764561 0.35395010395 0.353964571911
0.373954983923 0.369857433809 0.369764560099
0.389499605989 0.385129740519 0.384925131526
0.404443585781 0.399804305284 0.399484331614
0.418821076573 0.413915547025 0.413477246208
0.432663690476 0.427495291902 0.426936283861
0.44600073046 0.440573012939 0.439891426432
0.458859397418 0.453176043557 0.45237045204
0.471264975335 0.465329768271 0.464399133887
0.48324099723 0.477057793345 0.476001417937
0.494809394146 0.488382099828 0.487199582027
0.505990629183 0.499323181049 0.498014378637
0.516803818302 0.509900166389 0.508465163245
0.527266839378 0.520130932897 0.51857000993
0.537396430848 0.530032206119 0.528345815695
0.547208281054 0.539619651347 0.537808394745
0.556717109327 0.548907956318 0.54697256386
0.565936739659 0.557910906298 0.555852219808
0.574880167765 0.566641452345 0.564460409661
0.583559622196 0.575111773472 0.572809394761
0.591986620128 0.583333333333 0.580910708988
0.600172018349 0.591316931983 0.588775211926
0.608126059921 0.59907275321 0.596413137424
0.615858416945 0.606610407876 0.603834138029
0.623378229797 0.613938973648 0.611047325679
0.630694143167 0.621067031464 0.618061309031
0.637814339219 0.628002699055 0.624884227731
0.64474656811 0.634753661784 0.631523783929
0.651498176133 0.641327201051 0.637987271281
0.658076131687 0.647730220493 0.644281601675
0.664487049264 0.653969270166 0.650413329889
0.670737211635 0.6600505689 0.656388676358
0.676832590391 0.665980024969 0.662213548225
0.682778864971 0.67176325524 0.667893558816
0.688581440309 0.677405602923 0.673434045689
0.694245463228 0.682912154031 0.678840087357
0.699775837659 0.688287752675 0.68411651882
0.705177238806 0.693537015276 0.689267945984
0.710454126325 0.698664343786 0.694298759073
0.715610756609 0.703673938002 0.699213145105
0.720651194232 0.708569807037 0.70401509952
0.725579322638 0.713355780022 0.708708437005
0.730398854121 0.718035516093 0.71329680161
0.735113339146 0.722612513721 0.717783676178
0.739726175075 0.727090119435 0.722172391162
0.744240614334 0.731471535983 0.726466132872
0.748659772056 0.735759829968 0.730667951188
0.75298663325 0.739957939012 0.734780766787
0.757224059529 0.74406867846 0.738807377908
0.761374795417 0.748094747683 0.742750466708
0.765441474281 0.752038735984 0.746612605215
0.769426623897 0.755903128153 0.750396260923
0.773332671695 0.75969030969 0.754103802052
0.777161949686 0.763402571711 0.75773750249
0.780916699105 0.767042115573 0.761299546441
0.784599074788 0.770611057226 0.764792032806
0.788211149294 0.774111431316 0.768216979308
0.791754916793 0.777545195052 0.771576326374
0.79523229674 0.780914231857 0.774871940808
0.798645137342 0.784220354809 0.778105619245
0.80199521883 0.787465309898 0.781279091417
0.80528425656 0.790650779102 0.784394023243
0.808513903936 0.793778383288 0.78745201974
0.81168575519 0.796849684968 0.790454627785
0.814801347996 0.799866190901 0.793403338718
0.817862165963 0.802829354553 0.79629959082
0.82086964099 0.80574057844 0.799144771645
0.823825155494 0.808601216334 0.801940220241
0.826730044536 0.811412575366 0.80468722925
0.829585597826 0.814175918019 0.807387046899
0.832393061637 0.816892464014 0.810040878896
0.835153640615 0.819563392107 0.812649890221
0.837868499503 0.822189841799 0.815215206833
0.840538764783 0.824772914946 0.817737917289
0.84316552623 0.827313677314 0.820219074288
0.845749838397 0.829813160032 0.822659696128
0.848292722026 0.832272360999 0.825060768109
0.850795165394 0.834692246203 0.827423243851
0.853258125592 0.837073750991 0.829748046564
0.855682529743 0.839417781275 0.832036070242
0.858069276173 0.841725214676 0.834288180819
0.860419235512 0.843996901627 0.836505217256
0.862733251759 0.84623366641 0.838687992582
0.865012143291 0.848436308162 0.840837294893
0.867256703826 0.850605601817 0.842953888297
0.869467703349 0.852742299023 0.84503851382
0.871645888988 0.854847129008 0.847091890271
0.873791985857 0.856920799408 0.849114715072
0.875906697865 0.858963997061 0.851107665042
0.877990708479 0.860977388767 0.853071397156
0.880044681464 0.862961622013 0.855006549265
0.882069261591 0.864917325665 0.856913740789
0.884065075305 0.866845110635 0.858793573375
0.886032731377 0.868745570517 0.860646631534
0.887972821519 0.870619282196 0.862473483241
0.889885920979 0.872466806429 0.864274680522
0.891772589113 0.874288688411 0.866050760006
0.893633369923 0.876085458305 0.867802243457
0.895468792587 0.877857631759 0.869529638289
0.897279371955 0.879605710401 0.871233438055
0.899065609035 0.881330182309 0.872914122914
0.900827991453 0.883031522468 0.874572160086
0.902566993898 0.884710193205 0.876208004283
0.904283078545 0.886366644606 0.877822098125
0.90597669547 0.888001314924 0.87941487254
0.907648283039 0.88961463096 0.880986747146
0.909298268286 0.891207008436 0.882538130622
0.910927067283 0.892778852353 0.884069421059
0.912535085481 0.894330557335 0.885581006305
0.914122718053 0.895862507957 0.887073264288
0.915690350214 0.897375079064 0.888546563334
0.917238357536 0.898868636078 0.890001262467
0.918767106245 0.90034353529 0.891437711705
0.920276953511 0.901800124146 0.892856252338
0.921768247727 0.903238741518 0.894257217197
0.923241328774 0.904659717964 0.89564093092
0.924696528284 0.90606337599 0.897007710195
0.926134169884 0.907450030285 0.898357864007
0.927554569441 0.908819987959 0.89969169387
0.928958035289 0.910173548773 0.901009494051
0.930344868452 0.911511005354 0.902311551786
0.931715362865 0.912832643406 0.903598147488
0.933069805575 0.914138741917 0.904869554952
0.934408476945 0.915429573349 0.906126041544
0.935731650845 0.916705403835 0.907367868393
0.937039594843 0.917966493356 0.90859529057
0.938332570382 0.919213095922 0.90980855726
0.939610832954 0.920445459737 0.911007911937
0.94087463227 0.921663827371 0.912193592521
0.942124212421 0.922868435912 0.913365831538
0.943359812038 0.924059517125 0.914524856273
0.944581664441 0.925237297599 0.915670888914
0.945789997787 0.92640199889 0.916804146695
0.946985035211 0.927553837659 0.917924842035
0.948166994966 0.92869302581 0.91903318267
0.949336090553 0.929819770617 0.920129371779
0.950492530851 0.930934274851 0.921213608113
0.951636520241 0.932036736899 0.922286086108
0.952768258728 0.933127350887 0.923346996009
0.953887942054 0.934206306788 0.924396523978
0.954995761814 0.935273790537 0.925434852204
0.956091905565 0.936329984135 0.926462159006
0.95717655693 0.937375065755 0.927478618942
0.958249895703 0.938409209838 0.928484402899
0.959312097946 0.939432587194 0.929479678195
0.960363336086 0.940445365096 0.930464608669
0.96140377901 0.941447707367 0.931439354772
0.962433592154 0.942439774475 0.932404073655
0.963452937589 0.94342172361 0.933358919251
0.96446197411 0.944393708777 0.934304042358
0.965460857315 0.945355880868 0.93523959072
0.966449739688 0.946308387745 0.936165709102
0.967428770671 0.947251374313 0.937082539364
0.968398096749 0.948184982596 0.937990220537
0.969357861511 0.949109351806 0.938888888889
0.970308205732 0.950024618415 0.939778677996
0.971249267435 0.950930916218 0.940659718808
0.97218118196 0.951828376402 0.941532139712
0.973104082027 0.952717127608 0.942396066595
0.974018097805 0.953597295992 0.943251622905
0.974923356965 0.954469005286 0.944098929708
0.975819984744 0.955332376853 0.944938105748
0.976708104005 0.956187529748 0.945769267501
0.977587835285 0.957034580767 0.946592529227
0.97845929686 0.957873644507 0.947408003027
0.97932260479 0.958704833412 0.948215798889
0.980177872974 0.959528257823 0.94901602474
0.9810252132 0.960344026034 0.949808786494
0.981864735191 0.961152244331 0.950594188098
0.982696546657 0.961953017043 0.951372331577
0.983520753337 0.962746446584 0.952143317082
0.984337459046 0.963532633501 0.952907242926
0.985146765718 0.964311676511 0.953664205633
0.985948773449 0.965083672546 0.954414299973
0.986743580535 0.965848716794 0.955157619005
0.987531283518 0.966606902734 0.955894254114
0.98831197722 0.967358322178 0.95662429505
0.989085754784 0.968103065304 0.957347829962
0.989852707709 0.968841220699 0.958064945435
0.990612925887 0.969572875385 0.958775726526
0.991366497639 0.970298114862 0.959480256794
0.992113509749 0.971017023134 0.960178618335
0.992854047495 0.971729682747 0.960870891814
0.993588194684 0.972436174816 0.961557156497
0.994316033683 0.973136579061 0.962237490277
0.995037645448 0.973830973831 0.96291196971
0.995753109559 0.974519436138 0.963580670037
0.996462504242 0.975202041684 0.964243665216
0.997165906403 0.975878864888 0.96490102795
0.997863391655 0.976549978912 0.96555282971
0.998555034344 0.977215455691 0.966199140763
0.999240907574 0.977875365956 0.966840030199
0.999921083236 0.978529779259 0.967475565951
1 0.979178763998 0.968105814824
1 0.979822387443 0.968730842515
1 0.980460715755 0.969350713637
1 0.981093814011 0.969965491743
1 0.981721746226 0.970575239342
1 0.982344575376 0.971180017928
1 0.982962363416 0.971779887996
1 0.983575171302 0.972374909062
1 0.984183059012 0.972965139683
1 0.984786085566 0.973550637479
1 0.98538430904 0.974131459149
1 0.985977786593 0.974707660488
1 0.986566574476 0.975279296411
1 0.98715072806 0.975846420961
1 0.987730301842 0.976409087336
1 0.988305349473 0.976967347898
1 0.988875923765 0.977521254192
1 0.989442076714 0.978070856965
1 0.990003859514 0.978616206176
1 0.990561322568 0.979157351014
1 0.991114515511 0.979694339912
1 0.991663487219 0.980227220565
1 0.992208285823 0.980756039936
1 0.992748958728 0.981280844279
1 0.993285552622 0.981801679147
1 0.993818113491 0.982318589405
1 0.994346686634 0.982831619248
1 0.994871316673 0.983340812206
1 0.995392047566 0.983846211162
1 0.995908922621 0.984347858362
1 0.996421984508 0.984845795429
1 0.996931275266 0.98534006337
1 0.997436836324 0.985830702592
1 0.997938708501 0.986317752908
1 0.998436932025 0.986801253553
1 0.998931546541 0.987281243192
1 0.999422591122 0.987757759931
1 0.999910104279 0.988230841324
1 1 0.988700524388
1 1 0.989166845609
1 1 0.989629840953
1 1 0.990089545874
1 1 0.990545995326
1 1 0.990999223767
1 1 0.991449265171
1 1 0.991896153038
1 1 0.992339920397
1 1 0.992780599819
